{
  "camera_angle_x": 0.7481849417937728,
  "camera_angle_y": 1.2193576119562444,
  "fl_x": 1375.52,
  "fl_y": 1374.49,
  "k1": 0.0578421,
  "k2": -0.0805099,
  "p1": -0.000980296,
  "p2": 0.00015575,
  "cx": 554.558,
  "cy": 965.268,
  "w": 1080.0,
  "h": 1920.0,
  "aabb_scale": 4,
  "frames": [
    {
      "file_path": "images/0001.jpg",
      "sharpness": 31.752987436300323,
      "transform_matrix": [
        [
          0.8926439112348871,
          0.08799600283226543,
          0.4420900262071262,
          3.168359405609479
        ],
        [
          0.4464189982715247,
          -0.03675452191179031,
          -0.8940689141475064,
          -5.4794898611466945
        ],
        [
          -0.062425682580756266,
          0.995442519072023,
          -0.07209178487538156,
          -0.9791660699008925
        ],
        [
          0.0,
          0.0,
          0.0,
          1.0
        ]
      ]
    },
    {
      "file_path": "images/0002.jpg",
      "sharpness": 34.478819913413005,
      "transform_matrix": [
        [
          0.8919526257584003,
          0.08782115052710009,
          0.44351774741451677,
          3.10241135906331
        ],
        [
          0.4476030653989872,
          -0.03306799514380148,
          -0.8936207456066606,
          -5.5301731439147535
        ],
        [
          -0.06381255888968038,
          0.9955872404475701,
          -0.06880409907698369,
          -0.9857969864289505
        ],
        [
          0.0,
          0.0,
          0.0,
          1.0
        ]
      ]
    },
    {
      "file_path": "images/0003.jpg",
      "sharpness": 34.03253962361947,
      "transform_matrix": [
        [
          0.8920259861221788,
          0.08744934217023448,
          0.4434434570379603,
          3.017086149029437
        ],
        [
          0.44734133552826755,
          -0.030556103757140376,
          -0.8938410936689436,
          -5.55454634859005
        ],
        [
          -0.06461591299946304,
          0.9957002241656238,
          -0.06637655392351555,
          -0.9958957729919625
        ],
        [
          0.0,
          0.0,
          0.0,
          1.0
        ]
      ]
    },
    {
      "file_path": "images/0004.jpg",
      "sharpness": 29.769472255739693,
      "transform_matrix": [
        [
          0.8937034101730378,
          0.08748818637680703,
          0.4400467206674008,
          2.939982126834849
        ],
        [
          0.44361516655197386,
          -0.02565116301470554,
          -0.8958508183825091,
          -5.5548305057761
        ],
        [
          -0.06708864398953211,
          0.9958352469394391,
          -0.06173555310053476,
          -0.9541802121868482
        ],
        [
          0.0,
          0.0,
          0.0,
          1.0
        ]
      ]
    },
    {
      "file_path": "images/0005.jpg",
      "sharpness": 24.445085266782847,
      "transform_matrix": [
        [
          0.8945675990551856,
          0.08903543389934283,
          0.43797407057879734,
          2.965044034047585
        ],
        [
          0.4410669980630794,
          -0.017630389149913203,
          -0.8973008727623516,
          -5.554056308456009
        ],
        [
          -0.07216992052988837,
          0.9958724116331892,
          -0.05504217784682045,
          -0.9083874492998657
        ],
        [
          0.0,
          0.0,
          0.0,
          1.0
        ]
      ]
    },
    {
      "file_path": "images/0006.jpg",
      "sharpness": 27.124473160185637,
      "transform_matrix": [
        [
          0.881166855181034,
          0.09014007084003639,
          0.4641334410702192,
          3.135757170278751
        ],
        [
          0.4663569080419862,
          -0.004124659207507505,
          -0.8845870969660694,
          -5.4692741205924005
        ],
        [
          -0.07782235133362583,
          0.9959205565657068,
          -0.04567195301287565,
          -0.8917869594647908
        ],
        [
          0.0,
          0.0,
          0.0,
          1.0
        ]
      ]
    },
    {
      "file_path": "images/0007.jpg",
      "sharpness": 21.502008020345116,
      "transform_matrix": [
        [
          0.8552306349612767,
          0.08628583673034405,
          0.5110138799026613,
          3.347354449305425
        ],
        [
          0.5127882527044118,
          0.0018526623157160936,
          -0.8585130430896029,
          -5.229885579254438
        ],
        [
          -0.07502425144327647,
          0.9962686995827851,
          -0.04266191523021037,
          -0.9007175843019641
        ],
        [
          0.0,
          0.0,
          0.0,
          1.0
        ]
      ]
    },
    {
      "file_path": "images/0008.jpg",
      "sharpness": 19.888845965288485,
      "transform_matrix": [
        [
          0.8111451023171413,
          0.07648326355157434,
          0.5798232153497179,
          3.7502291885811028
        ],
        [
          0.5816186602984704,
          -0.001485882087881466,
          -0.8134608503173054,
          -4.933759588618602
        ],
        [
          -0.06135460986783572,
          0.9970697596437759,
          -0.045689306187161625,
          -0.807624937654532
        ],
        [
          0.0,
          0.0,
          0.0,
          1.0
        ]
      ]
    },
    {
      "file_path": "images/0009.jpg",
      "sharpness": 24.330851175887958,
      "transform_matrix": [
        [
          0.7665587750326864,
          0.06591136609178597,
          0.6387823596334117,
          4.083280002533506
        ],
        [
          0.6406218205003645,
          -0.009372895180279455,
          -0.7677990619065105,
          -4.638368466462858
        ],
        [
          -0.044619432661271774,
          0.9977814581769047,
          -0.049409163754549595,
          -0.7286435126652613
        ],
        [
          0.0,
          0.0,
          0.0,
          1.0
        ]
      ]
    },
    {
      "file_path": "images/0012.jpg",
      "sharpness": 18.79738999665605,
      "transform_matrix": [
        [
          0.651784451676041,
          0.03055962929199482,
          0.7577880163041875,
          4.9333343331970925
        ],
        [
          0.7569316652237976,
          0.03601747772893646,
          -0.6525003771469722,
          -3.6736372477065413
        ],
        [
          -0.04723373390239877,
          0.9988837992795324,
          0.0003440644566529451,
          -0.692646279501112
        ],
        [
          0.0,
          0.0,
          0.0,
          1.0
        ]
      ]
    },
    {
      "file_path": "images/0014.jpg",
      "sharpness": 24.573150463855786,
      "transform_matrix": [
        [
          0.5430593011356689,
          0.048383484201236705,
          0.8382993225395541,
          5.362953771891105
        ],
        [
          0.8371626468481781,
          0.046270080410343445,
          -0.5449934874664436,
          -3.0794378815726953
        ],
        [
          -0.06515687378003178,
          0.9977565432115135,
          -0.015377446910208061,
          -0.6704779165572359
        ],
        [
          0.0,
          0.0,
          0.0,
          1.0
        ]
      ]
    },
    {
      "file_path": "images/0016.jpg",
      "sharpness": 15.184317835374785,
      "transform_matrix": [
        [
          0.34747494861304573,
          0.053380418010164174,
          0.9361685961577728,
          5.639885048014769
        ],
        [
          0.9356011023082821,
          0.04685455607320249,
          -0.3499359634577667,
          -2.679224620930034
        ],
        [
          -0.06254348426497747,
          0.9974744008232991,
          -0.033661993185310046,
          -0.6582774295652742
        ],
        [
          0.0,
          0.0,
          0.0,
          1.0
        ]
      ]
    },
    {
      "file_path": "images/0017.jpg",
      "sharpness": 17.11474105390383,
      "transform_matrix": [
        [
          0.3161839239134596,
          0.0635645614743045,
          0.9465660031061607,
          5.729511203575544
        ],
        [
          0.9464980303556096,
          0.0467717201271983,
          -0.31930206928761706,
          -2.4789297372121033
        ],
        [
          -0.06456880579849157,
          0.9968811118617388,
          -0.045375265287597194,
          -0.6324296455637461
        ],
        [
          0.0,
          0.0,
          0.0,
          1.0
        ]
      ]
    },
    {
      "file_path": "images/0018.jpg",
      "sharpness": 26.132315759762008,
      "transform_matrix": [
        [
          0.37607878279962625,
          0.051904118102627225,
          0.9251328264628423,
          5.726493428170318
        ],
        [
          0.9257556957499398,
          0.021253951673731456,
          -0.3775244301711466,
          -2.557930446293442
        ],
        [
          -0.039257805729514754,
          0.9984258774748329,
          -0.04005737071447586,
          -0.6082314210739876
        ],
        [
          0.0,
          0.0,
          0.0,
          1.0
        ]
      ]
    },
    {
      "file_path": "images/0019.jpg",
      "sharpness": 26.730619209501448,
      "transform_matrix": [
        [
          0.372224622480174,
          0.028081024591055746,
          0.9277178020187646,
          5.604053833825201
        ],
        [
          0.927916412193179,
          0.010811364872555938,
          -0.3726315586167122,
          -2.6656024257899205
        ],
        [
          -0.020493777835381588,
          0.9995471834322617,
          -0.02203258437753474,
          -0.5608565107841773
        ],
        [
          0.0,
          0.0,
          0.0,
          1.0
        ]
      ]
    },
    {
      "file_path": "images/0021.jpg",
      "sharpness": 18.27247047087116,
      "transform_matrix": [
        [
          0.2437689867082809,
          0.024058766669001024,
          0.9695348882843855,
          5.762790676535083
        ],
        [
          0.9696683310196448,
          0.012394485299336155,
          -0.24411010396637056,
          -1.6523248923327114
        ],
        [
          -0.017889885833812746,
          0.9996337112378522,
          -0.020307628610926012,
          -0.6285860121925724
        ],
        [
          0.0,
          0.0,
          0.0,
          1.0
        ]
      ]
    },
    {
      "file_path": "images/0022.jpg",
      "sharpness": 20.68469744351142,
      "transform_matrix": [
        [
          0.12040897161555512,
          0.0652298750888723,
          0.9905789903835112,
          5.861895956259538
        ],
        [
          0.9926887802209728,
          0.0005376507313175711,
          -0.12070082999537948,
          -1.3000113087926182
        ],
        [
          -0.008405883757597642,
          0.9978701185109965,
          -0.06468822859784046,
          -0.5588005706556408
        ],
        [
          0.0,
          0.0,
          0.0,
          1.0
        ]
      ]
    },
    {
      "file_path": "images/0024.jpg",
      "sharpness": 16.979051407955506,
      "transform_matrix": [
        [
          0.01010852709355873,
          0.10599554672238032,
          0.9943152219146532,
          5.91581458118724
        ],
        [
          0.999870820307146,
          0.011355160808589029,
          -0.01137548494918614,
          -0.704469287429216
        ],
        [
          -0.012496359799519283,
          0.9943017670836618,
          -0.10586707090619142,
          -0.5461810612626445
        ],
        [
          0.0,
          0.0,
          0.0,
          1.0
        ]
      ]
    },
    {
      "file_path": "images/0025.jpg",
      "sharpness": 22.886663306836194,
      "transform_matrix": [
        [
          -0.034975329543060055,
          0.11030530431163538,
          0.993282168437355,
          5.944688656715711
        ],
        [
          0.9990022327600617,
          0.03147771841064851,
          0.03168110129450882,
          -0.44564965436008386
        ],
        [
          -0.027771662881485793,
          0.9933991609878028,
          -0.1112961888668968,
          -0.5954808821621682
        ],
        [
          0.0,
          0.0,
          0.0,
          1.0
        ]
      ]
    },
    {
      "file_path": "images/0026.jpg",
      "sharpness": 19.840499907651644,
      "transform_matrix": [
        [
          -0.08904556366419637,
          0.12066091524160168,
          0.9886919806560528,
          5.859800150997003
        ],
        [
          0.9959342860175135,
          0.02437011270134384,
          0.08672368276927984,
          -0.23742625010198792
        ],
        [
          -0.013630376255278829,
          0.9923945995415936,
          -0.12234039318768938,
          -0.6473954776007301
        ],
        [
          0.0,
          0.0,
          0.0,
          1.0
        ]
      ]
    },
    {
      "file_path": "images/0027.jpg",
      "sharpness": 26.90392349054784,
      "transform_matrix": [
        [
          -0.1415727065338725,
          0.13551014010228432,
          0.9806090868851229,
          5.789785337951184
        ],
        [
          0.9895729022205819,
          -0.007152454492767637,
          0.14385522721324503,
          -0.11046086962564616
        ],
        [
          0.02650760207088838,
          0.9907501432248289,
          -0.1330845744023515,
          -0.6745655949469513
        ],
        [
          0.0,
          0.0,
          0.0,
          1.0
        ]
      ]
    },
    {
      "file_path": "images/0029.jpg",
      "sharpness": 26.585992931101654,
      "transform_matrix": [
        [
          -0.18015943357102,
          0.1652524361174212,
          0.9696567399594868,
          5.814554189330458
        ],
        [
          0.9819758710646387,
          -0.02705742212085852,
          0.18705952046718277,
          0.3768210427916312
        ],
        [
          0.057148458000456266,
          0.9858800756189844,
          -0.1573992479925306,
          -0.6969243876794464
        ],
        [
          0.0,
          0.0,
          0.0,
          1.0
        ]
      ]
    },
    {
      "file_path": "images/0030.jpg",
      "sharpness": 28.50210444869171,
      "transform_matrix": [
        [
          -0.22939859554486894,
          0.16717988676323914,
          0.9588676448391577,
          5.673959883113355
        ],
        [
          0.9710705983340203,
          -0.02781309272013203,
          0.23716727066587803,
          0.6256583842610444
        ],
        [
          0.06631867421245645,
          0.9855340256663991,
          -0.15596318517021066,
          -0.6971569823263823
        ],
        [
          0.0,
          0.0,
          0.0,
          1.0
        ]
      ]
    },
    {
      "file_path": "images/0031.jpg",
      "sharpness": 25.101529685578996,
      "transform_matrix": [
        [
          -0.2606299902047913,
          0.17003148188459505,
          0.9503479951697344,
          5.587714032903619
        ],
        [
          0.962742972650434,
          -0.02773718468529481,
          0.26899187097369387,
          0.7903601118504522
        ],
        [
          0.07209706262102537,
          0.9850481941687638,
          -0.1564674746149457,
          -0.6430825158980739
        ],
        [
          0.0,
          0.0,
          0.0,
          1.0
        ]
      ]
    },
    {
      "file_path": "images/0032.jpg",
      "sharpness": 21.2800732823669,
      "transform_matrix": [
        [
          -0.27655114053520125,
          0.17786751060472855,
          0.9443953816969218,
          5.486618032291194
        ],
        [
          0.9586936623697866,
          -0.01696872642091158,
          0.2839340535745982,
          1.0579666681639508
        ],
        [
          0.06652782551186211,
          0.9839081325490711,
          -0.16582773954868235,
          -0.616592985233999
        ],
        [
          0.0,
          0.0,
          0.0,
          1.0
        ]
      ]
    },
    {
      "file_path": "images/0033.jpg",
      "sharpness": 32.02583291089095,
      "transform_matrix": [
        [
          -0.2663695417545156,
          0.20396362213157174,
          0.942043570078608,
          5.325489808029044
        ],
        [
          0.9619560966220181,
          -0.005321882555693116,
          0.27315220397183937,
          1.1685072754410428
        ],
        [
          0.06072656439956233,
          0.9789640009906184,
          -0.1947864584361444,
          -0.7071716973397435
        ],
        [
          0.0,
          0.0,
          0.0,
          1.0
        ]
      ]
    },
    {
      "file_path": "images/0034.jpg",
      "sharpness": 18.662095202534157,
      "transform_matrix": [
        [
          -0.21926236829759396,
          0.30949761574576495,
          0.9252757681454725,
          5.180868420443748
        ],
        [
          0.9723473519885699,
          -0.00883508551063849,
          0.2333721760196249,
          1.0893171188394182
        ],
        [
          0.08040301904299352,
          0.9508591752547945,
          -0.29900198662230415,
          -1.0340995475930854
        ],
        [
          0.0,
          0.0,
          0.0,
          1.0
        ]
      ]
    },
    {
      "file_path": "images/0035.jpg",
      "sharpness": 19.613383296754098,
      "transform_matrix": [
        [
          -0.1380570757474424,
          0.3420357360727269,
          0.9294901032226713,
          4.974080425224928
        ],
        [
          0.9828496237920433,
          -0.0685327402549288,
          0.17120135687712987,
          0.9469878630745994
        ],
        [
          0.12225746580331066,
          0.9371845447650599,
          -0.32670827610775505,
          -1.3390582615233206
        ],
        [
          0.0,
          0.0,
          0.0,
          1.0
        ]
      ]
    },
    {
      "file_path": "images/0039.jpg",
      "sharpness": 27.656625787009336,
      "transform_matrix": [
        [
          0.11249244910845375,
          0.3025473660449693,
          0.9464726779314697,
          4.3132093982582616
        ],
        [
          0.9684674050170186,
          -0.24647900013678112,
          -0.036317676746309834,
          0.3604302126612766
        ],
        [
          0.2222978175093403,
          0.9207134046311425,
          -0.3207342948806916,
          -2.3772859786363667
        ],
        [
          0.0,
          0.0,
          0.0,
          1.0
        ]
      ]
    },
    {
      "file_path": "images/0042.jpg",
      "sharpness": 29.709370165166295,
      "transform_matrix": [
        [
          0.2908622666162443,
          0.28847018866287544,
          0.9122413198794409,
          4.021358104203628
        ],
        [
          0.9014619276622401,
          -0.4020926423502951,
          -0.16027514060297207,
          -0.5794743696045801
        ],
        [
          0.3205709868997832,
          0.8689687440192105,
          -0.3769983530990018,
          -2.600039029199357
        ],
        [
          0.0,
          0.0,
          0.0,
          1.0
        ]
      ]
    },
    {
      "file_path": "images/0044.jpg",
      "sharpness": 22.645864180640608,
      "transform_matrix": [
        [
          0.3705008221633454,
          0.18075768386981977,
          0.9110740499641191,
          3.712155532674243
        ],
        [
          0.8397459189898457,
          -0.4843631775447684,
          -0.24539634485985667,
          -1.1155756026398884
        ],
        [
          0.3969334902089512,
          0.8559901745185325,
          -0.33124734185513405,
          -2.662871587059125
        ],
        [
          0.0,
          0.0,
          0.0,
          1.0
        ]
      ]
    },
    {
      "file_path": "images/0045.jpg",
      "sharpness": 28.106999420846048,
      "transform_matrix": [
        [
          0.44173099532810545,
          0.13302476470539054,
          0.8872306830575668,
          3.5198967092031177
        ],
        [
          0.7943646983561986,
          -0.5176224232534224,
          -0.31788683240129817,
          -1.4312053406567289
        ],
        [
          0.41696371491422024,
          0.8452050864449255,
          -0.3343198876368508,
          -2.6278007092994544
        ],
        [
          0.0,
          0.0,
          0.0,
          1.0
        ]
      ]
    },
    {
      "file_path": "images/0046.jpg",
      "sharpness": 19.804643513969268,
      "transform_matrix": [
        [
          0.5409434833420345,
          0.07166406124103877,
          0.8380000950992188,
          3.3328467124455536
        ],
        [
          0.7304288448364274,
          -0.533979391474541,
          -0.42583950953504535,
          -1.7144544822351693
        ],
        [
          0.4169573434593719,
          0.8424547629369974,
          -0.34119840715731303,
          -2.551110303333645
        ],
        [
          0.0,
          0.0,
          0.0,
          1.0
        ]
      ]
    },
    {
      "file_path": "images/0049.jpg",
      "sharpness": 30.015080859073596,
      "transform_matrix": [
        [
          0.6663943031220302,
          0.0505488202381379,
          0.7438842513226975,
          2.804163468806241
        ],
        [
          0.6726655581034522,
          -0.4711259404464767,
          -0.5705802517316423,
          -2.4456433533979767
        ],
        [
          0.32162106130260765,
          0.880616446680464,
          -0.34795787127681443,
          -2.477246282436236
        ],
        [
          0.0,
          0.0,
          0.0,
          1.0
        ]
      ]
    },
    {
      "file_path": "images/0051.jpg",
      "sharpness": 19.85680116368465,
      "transform_matrix": [
        [
          0.7740126382235639,
          0.06677651584867275,
          0.6296393631067434,
          2.453826613367157
        ],
        [
          0.6045950586490063,
          -0.3733159834981404,
          -0.7036337279520571,
          -2.7951151007642077
        ],
        [
          0.18806828662150446,
          0.925297876436579,
          -0.3293238663979436,
          -2.34151763077191
        ],
        [
          0.0,
          0.0,
          0.0,
          1.0
        ]
      ]
    },
    {
      "file_path": "images/0052.jpg",
      "sharpness": 13.456406073969257,
      "transform_matrix": [
        [
          0.7932898979412696,
          0.08586427877001375,
          0.6027598357569414,
          2.2485102080764086
        ],
        [
          0.5938925951097705,
          -0.32718587546506933,
          -0.7350115602858799,
          -3.0263088371475373
        ],
        [
          0.13410340453099442,
          0.9410509453657523,
          -0.31054705494789553,
          -2.2240019939753104
        ],
        [
          0.0,
          0.0,
          0.0,
          1.0
        ]
      ]
    },
    {
      "file_path": "images/0054.jpg",
      "sharpness": 18.43705331441456,
      "transform_matrix": [
        [
          0.8828921316027342,
          0.1256763603463511,
          0.45244527094988357,
          1.5845381556855185
        ],
        [
          0.46901602735214726,
          -0.2830395808570796,
          -0.8366076431404822,
          -3.567285794444823
        ],
        [
          0.02291808184704615,
          0.9508385923754306,
          -0.3088376996548149,
          -1.9795104514712896
        ],
        [
          0.0,
          0.0,
          0.0,
          1.0
        ]
      ]
    },
    {
      "file_path": "images/0068.jpg",
      "sharpness": 11.439008487318493,
      "transform_matrix": [
        [
          0.9377965416905323,
          -0.20487698649868596,
          0.28028936264226817,
          1.4654389716551979
        ],
        [
          0.33754082043841493,
          0.3490786960759706,
          -0.8741907337259079,
          -3.735735008029561
        ],
        [
          0.08125882721093151,
          0.9144229655072591,
          0.39651919784196893,
          2.2149716197059517
        ],
        [
          0.0,
          0.0,
          0.0,
          1.0
        ]
      ]
    },
    {
      "file_path": "images/0071.jpg",
      "sharpness": 20.024670604313112,
      "transform_matrix": [
        [
          0.9175042864798891,
          -0.24270116526654556,
          0.31509156158110546,
          1.6488980095391481
        ],
        [
          0.38739202248952725,
          0.3659073134566895,
          -0.846191358896898,
          -3.8072257519351456
        ],
        [
          0.09007708364436887,
          0.8984476007052052,
          0.42974198030090366,
          2.4665917525993275
        ],
        [
          0.0,
          0.0,
          0.0,
          1.0
        ]
      ]
    },
    {
      "file_path": "images/0072.jpg",
      "sharpness": 21.37331275597275,
      "transform_matrix": [
        [
          0.9131555872282151,
          -0.2474693627809368,
          0.32389184561232465,
          1.788403781817503
        ],
        [
          0.3977257904962306,
          0.3670115067070703,
          -0.8409024117626233,
          -3.715499283490098
        ],
        [
          0.08922549896674101,
          0.8966947596673093,
          0.43356354655732027,
          2.479984123375593
        ],
        [
          0.0,
          0.0,
          0.0,
          1.0
        ]
      ]
    },
    {
      "file_path": "images/0073.jpg",
      "sharpness": 22.27376531814042,
      "transform_matrix": [
        [
          0.9048034030815357,
          -0.25706241158752163,
          0.33948427110126095,
          1.874366139407996
        ],
        [
          0.41638389287549415,
          0.3671084614417052,
          -0.8317786419152506,
          -3.6175222428186036
        ],
        [
          0.0891915300065345,
          0.8939520500398347,
          0.4391976427600699,
          2.5048917799815054
        ],
        [
          0.0,
          0.0,
          0.0,
          1.0
        ]
      ]
    },
    {
      "file_path": "images/0074.jpg",
      "sharpness": 19.649967577352644,
      "transform_matrix": [
        [
          0.8893088056273001,
          -0.26876671948558856,
          0.3699928371925904,
          1.9954216587674294
        ],
        [
          0.44927866551677426,
          0.36254250712719227,
          -0.8165243027940726,
          -3.4962137038562777
        ],
        [
          0.08531627500820382,
          0.8923718154593362,
          0.4431633701602981,
          2.4955225440347397
        ],
        [
          0.0,
          0.0,
          0.0,
          1.0
        ]
      ]
    },
    {
      "file_path": "images/0075.jpg",
      "sharpness": 16.468530076628195,
      "transform_matrix": [
        [
          0.8733239824959695,
          -0.2772355701031949,
          0.40055764934453614,
          2.178949787113964
        ],
        [
          0.47988610809863913,
          0.34823746088207175,
          -0.8052581033683385,
          -3.458388390172691
        ],
        [
          0.08375671367440203,
          0.8954726462935952,
          0.4371655772725465,
          2.5044848383256277
        ],
        [
          0.0,
          0.0,
          0.0,
          1.0
        ]
      ]
    },
    {
      "file_path": "images/0076.jpg",
      "sharpness": 17.170383869027763,
      "transform_matrix": [
        [
          0.8507311663939641,
          -0.2937350516008889,
          0.43586351477452656,
          2.4114527353186865
        ],
        [
          0.5177991623798411,
          0.3260193285363145,
          -0.790946304101751,
          -3.387955838006161
        ],
        [
          0.0902284071642741,
          0.8985718010655714,
          0.42945052767802866,
          2.519750238630823
        ],
        [
          0.0,
          0.0,
          0.0,
          1.0
        ]
      ]
    },
    {
      "file_path": "images/0077.jpg",
      "sharpness": 17.710142740192367,
      "transform_matrix": [
        [
          0.8247835118596047,
          -0.3139525259018593,
          0.4702834246815698,
          2.6011288010087554
        ],
        [
          0.5563744480649893,
          0.30218764443195634,
          -0.774035210447501,
          -3.336577262485618
        ],
        [
          0.10089625481204281,
          0.9000647506202019,
          0.42391453175750915,
          2.5453990689335906
        ],
        [
          0.0,
          0.0,
          0.0,
          1.0
        ]
      ]
    },
    {
      "file_path": "images/0078.jpg",
      "sharpness": 19.52352332697529,
      "transform_matrix": [
        [
          0.7909642769889832,
          -0.3406636565351801,
          0.5082568104890136,
          2.8104955442241715
        ],
        [
          0.6004666228221457,
          0.27260062708594424,
          -0.7517510346436643,
          -3.312138464068889
        ],
        [
          0.11754262834231076,
          0.8997985667753441,
          0.42017449649678323,
          2.5563345579705823
        ],
        [
          0.0,
          0.0,
          0.0,
          1.0
        ]
      ]
    },
    {
      "file_path": "images/0081.jpg",
      "sharpness": 22.335544930506998,
      "transform_matrix": [
        [
          0.6995058888651698,
          -0.42631695408600934,
          0.5735377498343986,
          3.2925909521062877
        ],
        [
          0.694375620754066,
          0.2157628116115397,
          -0.6865049335833651,
          -2.9555308525617026
        ],
        [
          0.1689204899324984,
          0.8784647548231204,
          0.4469514626893533,
          2.5233744306320487
        ],
        [
          0.0,
          0.0,
          0.0,
          1.0
        ]
      ]
    },
    {
      "file_path": "images/0083.jpg",
      "sharpness": 23.62448855727201,
      "transform_matrix": [
        [
          0.6661413266175062,
          -0.40785909787671343,
          0.6244252625598214,
          3.1985783724689147
        ],
        [
          0.7354960262099337,
          0.22037935277479523,
          -0.6406860945940629,
          -2.7744991089790094
        ],
        [
          0.12369911525374075,
          0.8860496456289543,
          0.44678254188303856,
          2.6098565140866707
        ],
        [
          0.0,
          0.0,
          0.0,
          1.0
        ]
      ]
    },
    {
      "file_path": "images/0084.jpg",
      "sharpness": 22.036419643640826,
      "transform_matrix": [
        [
          0.6001159796362715,
          -0.41784155905065173,
          0.6821070379280904,
          3.349924821709366
        ],
        [
          0.7890850582471933,
          0.1693995896774751,
          -0.5904650633298584,
          -2.699390258993669
        ],
        [
          0.13117182463925844,
          0.8925875393074628,
          0.43137195712858145,
          2.7045889618471564
        ],
        [
          0.0,
          0.0,
          0.0,
          1.0
        ]
      ]
    },
    {
      "file_path": "images/0085.jpg",
      "sharpness": 21.745143126936977,
      "transform_matrix": [
        [
          0.5268373257317075,
          -0.45131345889556834,
          0.7202489984412784,
          3.4098144569376427
        ],
        [
          0.8359899279359537,
          0.12210195997687663,
          -0.5349878172921412,
          -2.4401979875221094
        ],
        [
          0.1535033754313352,
          0.8839724460898486,
          0.4416213775981406,
          2.7355298709112548
        ],
        [
          0.0,
          0.0,
          0.0,
          1.0
        ]
      ]
    },
    {
      "file_path": "images/0087.jpg",
      "sharpness": 20.970240615637497,
      "transform_matrix": [
        [
          0.35357031780952275,
          -0.43339206819952514,
          0.8289508931348595,
          3.469956219363507
        ],
        [
          0.9310199899904449,
          0.07731067326927459,
          -0.35668601918875426,
          -1.9756642458922324
        ],
        [
          0.09049803069142213,
          0.8978833606663351,
          0.4308314485815672,
          2.846699524962738
        ],
        [
          0.0,
          0.0,
          0.0,
          1.0
        ]
      ]
    },
    {
      "file_path": "images/0088.jpg",
      "sharpness": 22.75427843607465,
      "transform_matrix": [
        [
          0.30633324251072186,
          -0.4250710514673115,
          0.8517481859994858,
          3.5084105357110325
        ],
        [
          0.949835286364943,
          0.07724232884900081,
          -0.30306215123276875,
          -1.7108485244352125
        ],
        [
          0.06303174766309771,
          0.9018583724533658,
          0.4274093888916172,
          2.813734705482092
        ],
        [
          0.0,
          0.0,
          0.0,
          1.0
        ]
      ]
    },
    {
      "file_path": "images/0089.jpg",
      "sharpness": 25.274699007258214,
      "transform_matrix": [
        [
          0.2706628848295754,
          -0.4105881917828853,
          0.870723190401164,
          3.5534673902745992
        ],
        [
          0.961821507960715,
          0.07727735961092924,
          -0.26254062784164606,
          -1.4944588965112715
        ],
        [
          0.04050891965439085,
          0.9085403117981209,
          0.41582866575829364,
          2.7665068729870237
        ],
        [
          0.0,
          0.0,
          0.0,
          1.0
        ]
      ]
    },
    {
      "file_path": "images/0090.jpg",
      "sharpness": 16.70842253664655,
      "transform_matrix": [
        [
          0.24091301290559491,
          -0.3933799388117286,
          0.887250293273631,
          3.590705364282001
        ],
        [
          0.9703651976180216,
          0.07994890049061099,
          -0.22803408546012038,
          -1.3276885322688416
        ],
        [
          0.018769373324670494,
          0.9158931979669532,
          0.40098293220493464,
          2.7072180936902943
        ],
        [
          0.0,
          0.0,
          0.0,
          1.0
        ]
      ]
    },
    {
      "file_path": "images/0093.jpg",
      "sharpness": 20.701067219279714,
      "transform_matrix": [
        [
          0.12179824734768178,
          -0.3181961083952068,
          0.9401683550040264,
          3.8048183973889427
        ],
        [
          0.9900527794125278,
          0.10616321710686186,
          -0.09233025534151358,
          -0.6232410474651984
        ],
        [
          -0.07043219924342671,
          0.942061945846101,
          0.32796143141570294,
          2.3669977946152168
        ],
        [
          0.0,
          0.0,
          0.0,
          1.0
        ]
      ]
    },
    {
      "file_path": "images/0094.jpg",
      "sharpness": 26.230335626371414,
      "transform_matrix": [
        [
          0.06553021131280169,
          -0.27282652574922284,
          0.9598289353094923,
          3.815780312099162
        ],
        [
          0.993052377607041,
          0.11204735145858023,
          -0.035949594852411046,
          -0.4999463942307396
        ],
        [
          -0.0977383059601868,
          0.955516186233959,
          0.278273513019252,
          2.20212114146564
        ],
        [
          0.0,
          0.0,
          0.0,
          1.0
        ]
      ]
    },
    {
      "file_path": "images/0097.jpg",
      "sharpness": 17.557719836028564,
      "transform_matrix": [
        [
          0.10404754948341279,
          -0.18469345858344893,
          0.9772729141066676,
          3.8048956773759977
        ],
        [
          0.9944888312919854,
          0.032051432919172944,
          -0.0998231264314629,
          -0.27305667127427835
        ],
        [
          -0.012886288140244803,
          0.982273364258166,
          0.18701045349169776,
          1.55012985694839
        ],
        [
          0.0,
          0.0,
          0.0,
          1.0
        ]
      ]
    },
    {
      "file_path": "images/0099.jpg",
      "sharpness": 15.688050230257016,
      "transform_matrix": [
        [
          0.1263738233000111,
          -0.06792258910307056,
          0.9896545910890455,
          3.8148789573026454
        ],
        [
          0.9857198182477352,
          -0.1033307604481216,
          -0.1329632214482469,
          -0.08525000759855117
        ],
        [
          0.11129295230421682,
          0.9923252003110579,
          0.05389435195287967,
          0.9904134574307495
        ],
        [
          0.0,
          0.0,
          0.0,
          1.0
        ]
      ]
    },
    {
      "file_path": "images/0103.jpg",
      "sharpness": 30.851219562897608,
      "transform_matrix": [
        [
          -0.1464120925187466,
          0.18109706237272438,
          0.9725056992568964,
          3.897287860793521
        ],
        [
          0.96978634827757,
          -0.16765055116512897,
          0.17722208204601606,
          0.5464279356831141
        ],
        [
          0.1951355209368667,
          0.9690702240418768,
          -0.15107936549628154,
          -0.10077264618438769
        ],
        [
          0.0,
          0.0,
          0.0,
          1.0
        ]
      ]
    },
    {
      "file_path": "images/0104.jpg",
      "sharpness": 21.679075520637745,
      "transform_matrix": [
        [
          -0.2305701704104187,
          0.2004486898336299,
          0.9521857440543725,
          3.7783923180113423
        ],
        [
          0.9542923986555268,
          -0.14465946135419283,
          0.2615331847595349,
          0.7709116228169797
        ],
        [
          0.19016666865097145,
          0.9689653962648006,
          -0.1579324814005863,
          -0.20369874513053998
        ],
        [
          0.0,
          0.0,
          0.0,
          1.0
        ]
      ]
    },
    {
      "file_path": "images/0105.jpg",
      "sharpness": 23.788726792775847,
      "transform_matrix": [
        [
          -0.30311190111568065,
          0.22126781041838817,
          0.9269108318950449,
          3.694111018048647
        ],
        [
          0.9341885974834149,
          -0.12308751475830162,
          0.3348747098918605,
          1.039583933082593
        ],
        [
          0.1881881550386884,
          0.9674140800715728,
          -0.16939655181762864,
          -0.2637148472464396
        ],
        [
          0.0,
          0.0,
          0.0,
          1.0
        ]
      ]
    },
    {
      "file_path": "images/0106.jpg",
      "sharpness": 20.315333177101337,
      "transform_matrix": [
        [
          -0.3362347586178737,
          0.22380390166638772,
          0.9147994839044873,
          3.6062160951546254
        ],
        [
          0.9246659215372105,
          -0.10587697813252157,
          0.3657637468553464,
          1.2606265416815243
        ],
        [
          0.17871553584396044,
          0.9688663001161952,
          -0.17134436484030605,
          -0.3221373599596937
        ],
        [
          0.0,
          0.0,
          0.0,
          1.0
        ]
      ]
    },
    {
      "file_path": "images/0107.jpg",
      "sharpness": 26.744635648823298,
      "transform_matrix": [
        [
          -0.37063843150846315,
          0.21536423509375366,
          0.9034629530902621,
          3.518979839139112
        ],
        [
          0.9118435980035025,
          -0.10052643743820076,
          0.398039666410898,
          1.4640926016802527
        ],
        [
          0.17654543814028173,
          0.971345798953351,
          -0.15911949995114488,
